32791289 32791289
54335718 54335718
24515567 24515567
54072864 54072864
97843054 97843054
17874829 17874829
53577052 53577052
15922480 15922480
36472165 36472165
51649897 51649897
46922829 46922829
57701313 57701313
72788175 72788175
43620077 43620077
76713368 76713368
97752154 97752154
14093190 14093190
25887258 25887258
45145212 45145212
38691306 38691306
28688087 28688087
56318324 56318324
32425638 32425638
26284318 26284318
53841030 53841030
68106149 68106149
96548759 96548759
36606493 36606493
70796196 70796196
12223192 12223192
49532515 49532515
44619023 44619023
94534834 94534834
15099945 15099945
43281518 43281518
10742669 10742669
66435799 66435799
10949981 10949981
10306321 10306321
58324886 58324886
79504893 79504893
78162737 78162737
16027135 16027135
61077558 61077558
87301375 87301375
19869273 19869273
63353338 63353338
90518776 90518776
58011769 58011769
86357903 86357903
25751677 25751677
17541003 17541003
84756295 84756295
50658166 50658166
85102040 85102040
72200107 72200107
88365423 88365423
73166291 73166291
62249838 62249838
66641686 66641686
24760685 24760685
63251687 63251687
60097403 60097403
70571139 70571139
62600438 62600438
38682067 38682067
31994359 31994359
96861455 96861455
97873662 97873662
84109506 84109506
43253965 43253965
34583468 34583468
76416341 76416341
64968908 64968908
58246794 58246794
75434359 75434359
51628425 51628425
31104594 31104594
20076061 20076061
61967931 61967931
54752234 54752234
43322142 43322142
77688322 77688322
14350827 14350827
91469988 91469988
95031483 95031483
54798383 54798383
45532254 45532254
12848923 12848923
53151100 53151100
69055976 69055976
22807266 22807266
64491011 64491011
44935427 44935427
54101586 54101586
44922784 44922784
46646090 46646090
96057983 96057983
56044715 56044715
74228001 74228001
46154065 46154065
11553969 11553969
87185358 87185358
53322554 53322554
66738586 66738586
10875420 10875420
81436783 81436783
38204221 38204221
81054383 81054383
30063783 30063783
55727618 55727618
23990408 23990408
44575252 44575252
50417414 50417414
15194625 15194625
47992034 47992034
78359337 78359337
31692654 31692654
40091940 40091940
67699865 67699865
18059772 18059772
19524575 19524575
52739905 52739905
12934017 12934017
45414109 45414109
36073143 36073143
99849849 99849849
56658858 56658858
31582024 31582024
46726941 46726941
86078228 86078228
48459349 48459349
54327254 54327254
52083339 52083339
87281040 87281040
42991820 42991820
93023327 93023327
46001853 46001853
48712272 48712272
18221619 18221619
78662652 78662652
84742346 84742346
86260290 86260290
89188792 89188792
77887483 77887483
56339628 56339628
13521019 13521019
55620664 55620664
24973791 24973791
19899666 19899666
40267971 40267971
51671220 51671220
82105824 82105824
78821035 78821035
97342178 97342178
87405007 87405007
68092605 68092605
57328745 57328745
75868993 75868993
72247104 72247104
17771044 17771044
10547315 10547315
33453226 33453226
43916445 43916445
44105174 44105174
97231911 97231911
48114274 48114274
97298979 97298979
81745055 81745055
15946284 15946284
81611189 81611189
14388538 14388538
15472949 15472949
73602863 73602863
45915365 45915365
91038886 91038886
43068985 43068985
20235290 20235290
22203453 22203453
43313186 43313186
66522103 66522103
19577498 19577498
29653922 29653922
82972660 82972660
89891636 89891636
49837998 49837998
60848715 60848715
13600600 13600600
51135073 51135073
17323183 17323183
79995711 79995711
10601634 10601634
79745598 79745598
51780526 51780526
77447151 77447151
25978359 25978359
74203499 74203499
95345919 95345919
46218028 46218028
59513750 59513750
93765223 93765223
74644352 74644352
56082345 56082345
62703138 62703138
20180952 20180952
56430053 56430053
90217910 90217910
70508315 70508315
98064909 98064909
79553251 79553251
68401755 68401755
91175986 91175986
87145099 87145099
26965226 26965226
93647498 93647498
46052642 46052642
41480299 41480299
31213498 31213498
16843545 16843545
45772824 45772824
10099858 10099858
90926389 90926389
76008704 76008704
47118527 47118527
55140422 55140422
51987934 51987934
25389310 25389310
43705870 43705870
25846880 25846880
15420198 15420198
78183245 78183245
86174448 86174448
44308387 44308387
67584344 67584344
29766967 29766967
53127983 53127983
59366174 59366174
57752534 57752534
64101670 64101670
29947308 29947308
41645863 41645863
32129750 32129750
63385157 63385157
46573700 46573700
90845958 90845958
12432523 12432523
69007541 69007541
68773680 68773680
83094228 83094228
47682563 47682563
71780452 71780452
40753134 40753134
44905938 44905938
47579132 47579132
13993555 13993555
95272624 95272624
32296659 32296659
81915661 81915661
15853901 15853901
21448504 21448504
37749316 37749316
22052031 22052031
67857665 67857665
83843143 83843143
27746481 27746481
23725555 23725555
50299493 50299493
14434433 14434433
92995515 92995515
38164714 38164714
43951880 43951880
26446374 26446374
99543164 99543164
24562964 24562964
30232011 30232011
44716863 44716863
21617865 21617865
30746650 30746650
88753810 88753810
29654736 29654736
92960451 92960451
79615405 79615405
14773033 14773033
76307566 76307566
96382885 96382885
69831226 69831226
97185244 97185244
88378967 88378967
89303632 89303632
44618127 44618127
55327928 55327928
94531118 94531118
10091373 10091373
81805685 81805685
80898908 80898908
62845239 62845239
46447565 46447565
40042687 40042687
93701248 93701248
66052293 66052293
70940352 70940352
76131052 76131052
67499429 67499429
56892779 56892779
54060114 54060114
68449835 68449835
22136882 22136882
49755751 49755751
27662552 27662552
92349124 92349124
73414531 73414531
68605746 68605746
47198512 47198512
98212694 98212694
95530787 95530787
32332702 32332702
20107510 20107510
52086866 52086866
13673919 13673919
46225698 46225698
73561044 73561044
59958667 59958667
75001259 75001259
77135437 77135437
38137866 38137866
47776584 47776584
84517078 84517078
79753035 79753035
48396392 48396392
67914068 67914068
32490669 32490669
13698874 13698874
13004597 13004597
26547010 26547010
73738143 73738143
32609719 32609719
59714265 59714265
41765063 41765063
90484262 90484262
71350391 71350391
18617801 18617801
18844376 18844376
32235790 32235790
72946470 72946470
35645810 35645810
42579365 42579365
23002442 23002442
71724718 71724718
26054842 26054842
36986798 36986798
22734619 22734619
50284516 50284516
56704743 56704743
21043777 21043777
27520809 27520809
66387320 66387320
43332869 43332869
35728644 35728644
50131985 50131985
95139444 95139444
47073614 47073614
40670960 40670960
40451974 40451974
80472325 80472325
23381522 23381522
26508591 26508591
73859339 73859339
77777577 77777577
44531037 44531037
11755298 11755298
85047771 85047771
88663660 88663660
82355186 82355186
89973615 89973615
68665351 68665351
63122057 63122057
73623281 73623281
53864729 53864729
11775170 11775170
23089245 23089245
77623626 77623626
83753035 83753035
73537070 73537070
90614649 90614649
63171818 63171818
96772286 96772286
12154462 12154462
49996621 49996621
38532126 38532126
53728847 53728847
16069648 16069648
30672625 30672625
81017102 81017102
58411356 58411356
33711502 33711502
18043976 18043976
68010722 68010722
87693602 87693602
20038422 20038422
82537020 82537020
79282614 79282614
83427317 83427317
58251001 58251001
33692198 33692198
29023414 29023414
88760071 88760071
23887359 23887359
58974938 58974938
16010184 16010184
94556450 94556450
49126414 49126414
59907546 59907546
14907515 14907515
21672806 21672806
78619582 78619582
42831896 42831896
97492945 97492945
91944193 91944193
27746382 27746382
36819368 36819368
45165529 45165529
14548061 14548061
50418451 50418451
52498569 52498569
84974935 84974935
54982712 54982712
94596890 94596890
72922363 72922363
48827222 48827222
88894963 88894963
60127487 60127487
10272022 10272022
44698569 44698569
11870769 11870769
86514509 86514509
62952471 62952471
34889756 34889756
31545121 31545121
14798910 14798910
38001368 38001368
37822609 37822609
82659440 82659440
99341809 99341809
94738550 94738550
93818806 93818806
63066810 63066810
92424498 92424498
15519490 15519490
62356529 62356529
10126908 10126908
79457889 79457889
69998365 69998365
58200045 58200045
63530458 63530458
42107025 42107025
56182478 56182478
25368136 25368136
34511485 34511485
73122143 73122143
23519666 23519666
33504454 33504454
32779662 32779662
94067437 94067437
16355133 16355133
80397611 80397611
74555953 74555953
68330538 68330538
17300266 17300266
20730947 20730947
86923087 86923087
85560266 85560266
97466130 97466130
46648078 46648078
98422844 98422844
68586095 68586095
42200075 42200075
83309461 83309461
29140124 29140124
77390537 77390537
10675978 10675978
34502838 34502838
80018895 80018895
27362225 27362225
76274236 76274236
83171710 83171710
47643735 47643735
90081850 90081850
74237925 74237925
60103184 60103184
35335960 35335960
94288057 94288057
27007936 27007936
21225952 21225952
77251742 77251742
86742292 86742292
53092669 53092669
95347520 95347520
59399770 59399770
68507583 68507583
59984383 59984383
23017309 23017309
66553509 66553509
87689568 87689568
55974786 55974786
49935442 49935442
13961673 13961673
57584402 57584402
87739486 87739486
45279102 45279102
42711552 42711552
74308903 74308903
83056416 83056416
28422714 28422714
36411670 36411670
56094134 56094134
53870184 53870184
68172179 68172179
90115184 90115184
77222435 77222435
86930006 86930006
96244935 96244935
51818041 51818041
21714972 21714972
59482984 59482984
29964109 29964109
63108292 63108292
96134940 96134940
14702171 14702171
93641473 93641473
67933483 67933483
94084548 94084548
52599929 52599929
16011378 16011378
47124361 47124361
44732239 44732239
97592544 97592544
90627520 90627520
97265060 97265060
62179781 62179781
94933851 94933851
49305372 49305372
97094273 97094273
70167986 70167986
85807995 85807995
92032300 92032300
63056025 63056025
23651439 23651439
92066329 92066329
15877462 15877462
53300704 53300704
22444041 22444041
74806816 74806816
34187486 34187486
81472413 81472413
20438318 20438318
29972905 29972905
43322136 43322136
71032105 71032105
67393309 67393309
58183725 58183725
65094873 65094873
48395927 48395927
84009993 84009993
53358656 53358656
41833730 41833730
73357914 73357914
76343591 76343591
64962451 64962451
46919670 46919670
21563017 21563017
33357236 33357236
88201395 88201395
54751257 54751257
64120775 64120775
25411550 25411550
85945569 85945569
24439047 24439047
49943978 49943978
38567784 38567784
74979888 74979888
21062955 21062955
94265467 94265467
33497823 33497823
85207564 85207564
95511223 95511223
66805829 66805829
53997363 53997363
62742465 62742465
33109542 33109542
78285755 78285755
80109525 80109525
56621508 56621508
61859298 61859298
10935021 10935021
37160641 37160641
85314044 85314044
81441780 81441780
85668241 85668241
39143480 39143480
18500794 18500794
98592073 98592073
26723446 26723446
60383611 60383611
74843128 74843128
50540162 50540162
95342838 95342838
40971667 40971667
71639361 71639361
21067582 21067582
25444686 25444686
99328489 99328489
80293858 80293858
97124149 97124149
36180116 36180116
71944018 71944018
97251374 97251374
91711511 91711511
35085720 35085720
12586616 12586616
24958268 24958268
14509850 14509850
75222756 75222756
72203086 72203086
52860298 52860298
37651625 37651625
13875917 13875917
57160029 57160029
49623514 49623514
34693682 34693682
68961525 68961525
66926770 66926770
76902961 76902961
66610273 66610273
30020628 30020628
47470295 47470295
39740536 39740536
96898328 96898328
98275816 98275816
35249829 35249829
39979980 39979980
52825453 52825453
70157184 70157184
21617466 21617466
73551939 73551939
74289079 74289079
59298253 59298253
89627570 89627570
82477348 82477348
41530731 41530731
72612947 72612947
17422120 17422120
43019340 43019340
69270229 69270229
14022549 14022549
67985882 67985882
15738339 15738339
66933720 66933720
57210289 57210289
74928023 74928023
12192452 12192452
97549968 97549968
84628578 84628578
98977288 98977288
98289143 98289143
66205867 66205867
59614443 59614443
12356337 12356337
65641989 65641989
58154028 58154028
53978799 53978799
68392038 68392038
83351817 83351817
29321638 29321638
72914892 72914892
61979062 61979062
65009452 65009452
68272677 68272677
22593014 22593014
28297392 28297392
73998002 73998002
78382386 78382386
71398072 71398072
51970513 51970513
69799913 69799913
29132888 29132888
11044561 11044561
57449969 57449969
29797407 29797407
71791316 71791316
41274224 41274224
94356408 94356408
27823417 27823417
37357773 37357773
24102432 24102432
81075975 81075975
92035015 92035015
38055296 38055296
25240706 25240706
70198128 70198128
15107650 15107650
